(kicad_pcb (version 20171130) (host pcbnew 5.1.10-88a1d61d58~90~ubuntu20.04.1)

  (general
    (thickness 1.6)
    (drawings 8)
    (tracks 638)
    (zones 0)
    (modules 95)
    (nets 67)
  )

  (page A4)
  (title_block
    (title AlarmClock)
    (date 2022-03-27)
    (company "Ondřej Sluka")
  )

  (layers
    (0 F.Cu jumper)
    (31 B.Cu signal)
    (32 B.Adhes user)
    (33 F.Adhes user)
    (34 B.Paste user)
    (35 F.Paste user)
    (36 B.SilkS user)
    (37 F.SilkS user)
    (38 B.Mask user)
    (39 F.Mask user)
    (40 Dwgs.User user)
    (41 Cmts.User user)
    (42 Eco1.User user)
    (43 Eco2.User user)
    (44 Edge.Cuts user)
    (45 Margin user)
    (46 B.CrtYd user)
    (47 F.CrtYd user)
    (48 B.Fab user)
    (49 F.Fab user)
  )

  (setup
    (last_trace_width 1)
    (user_trace_width 0.8)
    (user_trace_width 1)
    (user_trace_width 1.5)
    (user_trace_width 2)
    (trace_clearance 0.4)
    (zone_clearance 0.508)
    (zone_45_only no)
    (trace_min 0.8)
    (via_size 1)
    (via_drill 0.8)
    (via_min_size 1)
    (via_min_drill 0.8)
    (user_via 1.8 1)
    (uvia_size 0.3)
    (uvia_drill 0.1)
    (uvias_allowed no)
    (uvia_min_size 0.2)
    (uvia_min_drill 0.1)
    (edge_width 0.05)
    (segment_width 0.2)
    (pcb_text_width 0.3)
    (pcb_text_size 1.5 1.5)
    (mod_edge_width 0.12)
    (mod_text_size 1 1)
    (mod_text_width 0.15)
    (pad_size 1.524 1.524)
    (pad_drill 0.762)
    (pad_to_mask_clearance 0)
    (aux_axis_origin 149.86 111.76)
    (visible_elements FFFFFF7F)
    (pcbplotparams
      (layerselection 0x01000_ffffffff)
      (usegerberextensions false)
      (usegerberattributes true)
      (usegerberadvancedattributes true)
      (creategerberjobfile true)
      (excludeedgelayer true)
      (linewidth 0.100000)
      (plotframeref false)
      (viasonmask false)
      (mode 1)
      (useauxorigin true)
      (hpglpennumber 1)
      (hpglpenspeed 20)
      (hpglpendiameter 15.000000)
      (psnegative false)
      (psa4output false)
      (plotreference true)
      (plotvalue true)
      (plotinvisibletext false)
      (padsonsilk false)
      (subtractmaskfromsilk false)
      (outputformat 1)
      (mirror false)
      (drillshape 0)
      (scaleselection 1)
      (outputdirectory "gerber/"))
  )

  (net 0 "")
  (net 1 GND)
  (net 2 "Net-(BT1-Pad1)")
  (net 3 "Net-(BZ1-Pad1)")
  (net 4 /BTN_stop)
  (net 5 /BTN_snooze)
  (net 6 +5V)
  (net 7 "Net-(C8-Pad1)")
  (net 8 /!RST)
  (net 9 "Net-(C10-Pad2)")
  (net 10 "Net-(C11-Pad1)")
  (net 11 "Net-(C12-Pad1)")
  (net 12 "Net-(C13-Pad1)")
  (net 13 "Net-(C14-Pad1)")
  (net 14 "Net-(C15-Pad1)")
  (net 15 "Net-(C16-Pad2)")
  (net 16 /buzzer)
  (net 17 "Net-(D1-Pad1)")
  (net 18 "Net-(D3-Pad2)")
  (net 19 "Net-(D3-Pad1)")
  (net 20 "Net-(D4-Pad2)")
  (net 21 "Net-(D4-Pad1)")
  (net 22 "Net-(D5-Pad2)")
  (net 23 "Net-(D6-Pad1)")
  (net 24 "Net-(D7-Pad2)")
  (net 25 /SCL)
  (net 26 /SDA)
  (net 27 "Net-(J3-Pad2)")
  (net 28 "Net-(J3-Pad1)")
  (net 29 /MOSI)
  (net 30 /SCK)
  (net 31 /MISO)
  (net 32 /TX)
  (net 33 /RX)
  (net 34 "Net-(JP1-Pad2)")
  (net 35 "Net-(JP2-Pad2)")
  (net 36 "Net-(Q1-Pad1)")
  (net 37 "Net-(Q3-Pad3)")
  (net 38 "Net-(Q3-Pad1)")
  (net 39 "Net-(Q4-Pad4)")
  (net 40 "Net-(Q5-Pad4)")
  (net 41 "Net-(Q6-Pad1)")
  (net 42 "Net-(Q7-Pad2)")
  (net 43 "Net-(Q9-Pad1)")
  (net 44 /LCD_BLU)
  (net 45 /enc_clk)
  (net 46 /enc_dt)
  (net 47 /enc_sw)
  (net 48 "Net-(R14-Pad1)")
  (net 49 /ambient)
  (net 50 /lamp)
  (net 51 /audio)
  (net 52 "Net-(U1-Pad4)")
  (net 53 "Net-(U1-Pad3)")
  (net 54 "Net-(U1-Pad1)")
  (net 55 "Net-(U2-Pad14)")
  (net 56 "Net-(U2-Pad24)")
  (net 57 "Net-(U2-Pad23)")
  (net 58 "Net-(U2-Pad21)")
  (net 59 "Net-(JP3-Pad2)")
  (net 60 "Net-(JP3-Pad1)")
  (net 61 "Net-(JP4-Pad2)")
  (net 62 "Net-(R25-Pad1)")
  (net 63 "Net-(R24-Pad1)")
  (net 64 "Net-(R26-Pad2)")
  (net 65 "Net-(J4-Pad4)")
  (net 66 "Net-(J2-Pad3)")

  (net_class Default "This is the default net class."
    (clearance 0.4)
    (trace_width 1)
    (via_dia 1)
    (via_drill 0.8)
    (uvia_dia 0.3)
    (uvia_drill 0.1)
    (diff_pair_width 0.8)
    (diff_pair_gap 0.25)
    (add_net +5V)
    (add_net /!RST)
    (add_net /BTN_snooze)
    (add_net /BTN_stop)
    (add_net /LCD_BLU)
    (add_net /MISO)
    (add_net /MOSI)
    (add_net /RX)
    (add_net /SCK)
    (add_net /SCL)
    (add_net /SDA)
    (add_net /TX)
    (add_net /ambient)
    (add_net /audio)
    (add_net /buzzer)
    (add_net /enc_clk)
    (add_net /enc_dt)
    (add_net /enc_sw)
    (add_net /lamp)
    (add_net GND)
    (add_net "Net-(BT1-Pad1)")
    (add_net "Net-(BZ1-Pad1)")
    (add_net "Net-(C10-Pad2)")
    (add_net "Net-(C11-Pad1)")
    (add_net "Net-(C12-Pad1)")
    (add_net "Net-(C13-Pad1)")
    (add_net "Net-(C14-Pad1)")
    (add_net "Net-(C15-Pad1)")
    (add_net "Net-(C16-Pad2)")
    (add_net "Net-(C8-Pad1)")
    (add_net "Net-(D1-Pad1)")
    (add_net "Net-(D3-Pad1)")
    (add_net "Net-(D3-Pad2)")
    (add_net "Net-(D4-Pad1)")
    (add_net "Net-(D4-Pad2)")
    (add_net "Net-(D5-Pad2)")
    (add_net "Net-(D6-Pad1)")
    (add_net "Net-(D7-Pad2)")
    (add_net "Net-(J2-Pad3)")
    (add_net "Net-(J3-Pad1)")
    (add_net "Net-(J3-Pad2)")
    (add_net "Net-(J4-Pad4)")
    (add_net "Net-(JP1-Pad2)")
    (add_net "Net-(JP2-Pad2)")
    (add_net "Net-(JP3-Pad1)")
    (add_net "Net-(JP3-Pad2)")
    (add_net "Net-(JP4-Pad2)")
    (add_net "Net-(Q1-Pad1)")
    (add_net "Net-(Q3-Pad1)")
    (add_net "Net-(Q3-Pad3)")
    (add_net "Net-(Q4-Pad4)")
    (add_net "Net-(Q5-Pad4)")
    (add_net "Net-(Q6-Pad1)")
    (add_net "Net-(Q7-Pad2)")
    (add_net "Net-(Q9-Pad1)")
    (add_net "Net-(R14-Pad1)")
    (add_net "Net-(R24-Pad1)")
    (add_net "Net-(R25-Pad1)")
    (add_net "Net-(R26-Pad2)")
    (add_net "Net-(U1-Pad1)")
    (add_net "Net-(U1-Pad3)")
    (add_net "Net-(U1-Pad4)")
    (add_net "Net-(U2-Pad14)")
    (add_net "Net-(U2-Pad21)")
    (add_net "Net-(U2-Pad23)")
    (add_net "Net-(U2-Pad24)")
  )

  (module Resistor_SMD:R_1206_3216Metric_Pad1.30x1.75mm_HandSolder (layer B.Cu) (tedit 5F68FEEE) (tstamp 6245E521)
    (at 181.61 91.44 270)
    (descr "Resistor SMD 1206 (3216 Metric), square (rectangular) end terminal, IPC_7351 nominal with elongated pad for handsoldering. (Body size source: IPC-SM-782 page 72, https://www.pcb-3d.com/wordpress/wp-content/uploads/ipc-sm-782a_amendment_1_and_2.pdf), generated with kicad-footprint-generator")
    (tags "resistor handsolder")
    (path /621AAF57/6246D589)
    (attr smd)
    (fp_text reference R27 (at -3.81 0 90) (layer B.SilkS)
      (effects (font (size 1 1) (thickness 0.15)) (justify mirror))
    )
    (fp_text value 10k (at 0 -1.82 90) (layer B.Fab)
      (effects (font (size 1 1) (thickness 0.15)) (justify mirror))
    )
    (fp_text user %R (at 0 0 90) (layer B.Fab)
      (effects (font (size 0.8 0.8) (thickness 0.12)) (justify mirror))
    )
    (fp_line (start -1.6 -0.8) (end -1.6 0.8) (layer B.Fab) (width 0.1))
    (fp_line (start -1.6 0.8) (end 1.6 0.8) (layer B.Fab) (width 0.1))
    (fp_line (start 1.6 0.8) (end 1.6 -0.8) (layer B.Fab) (width 0.1))
    (fp_line (start 1.6 -0.8) (end -1.6 -0.8) (layer B.Fab) (width 0.1))
    (fp_line (start -0.727064 0.91) (end 0.727064 0.91) (layer B.SilkS) (width 0.12))
    (fp_line (start -0.727064 -0.91) (end 0.727064 -0.91) (layer B.SilkS) (width 0.12))
    (fp_line (start -2.45 -1.12) (end -2.45 1.12) (layer B.CrtYd) (width 0.05))
    (fp_line (start -2.45 1.12) (end 2.45 1.12) (layer B.CrtYd) (width 0.05))
    (fp_line (start 2.45 1.12) (end 2.45 -1.12) (layer B.CrtYd) (width 0.05))
    (fp_line (start 2.45 -1.12) (end -2.45 -1.12) (layer B.CrtYd) (width 0.05))
    (pad 2 smd roundrect (at 1.55 0 270) (size 1.3 1.75) (layers B.Cu B.Paste B.Mask) (roundrect_rratio 0.192308)
      (net 23 "Net-(D6-Pad1)"))
    (pad 1 smd roundrect (at -1.55 0 270) (size 1.3 1.75) (layers B.Cu B.Paste B.Mask) (roundrect_rratio 0.192308)
      (net 6 +5V))
    (model ${KISYS3DMOD}/Resistor_SMD.3dshapes/R_1206_3216Metric.wrl
      (at (xyz 0 0 0))
      (scale (xyz 1 1 1))
      (rotate (xyz 0 0 0))
    )
  )

  (module Diode_SMD:D_SMA_Handsoldering (layer B.Cu) (tedit 58643398) (tstamp 62409A82)
    (at 126.325 83.82)
    (descr "Diode SMA (DO-214AC) Handsoldering")
    (tags "Diode SMA (DO-214AC) Handsoldering")
    (path /62423F70)
    (attr smd)
    (fp_text reference D9 (at -5.675 0) (layer B.SilkS)
      (effects (font (size 1 1) (thickness 0.15)) (justify mirror))
    )
    (fp_text value 1N4007 (at 0 -2.6) (layer B.Fab)
      (effects (font (size 1 1) (thickness 0.15)) (justify mirror))
    )
    (fp_line (start -4.4 1.65) (end 2.5 1.65) (layer B.SilkS) (width 0.12))
    (fp_line (start -4.4 -1.65) (end 2.5 -1.65) (layer B.SilkS) (width 0.12))
    (fp_line (start -0.64944 -0.00102) (end 0.50118 0.79908) (layer B.Fab) (width 0.1))
    (fp_line (start -0.64944 -0.00102) (end 0.50118 -0.75032) (layer B.Fab) (width 0.1))
    (fp_line (start 0.50118 -0.75032) (end 0.50118 0.79908) (layer B.Fab) (width 0.1))
    (fp_line (start -0.64944 0.79908) (end -0.64944 -0.80112) (layer B.Fab) (width 0.1))
    (fp_line (start 0.50118 -0.00102) (end 1.4994 -0.00102) (layer B.Fab) (width 0.1))
    (fp_line (start -0.64944 -0.00102) (end -1.55114 -0.00102) (layer B.Fab) (width 0.1))
    (fp_line (start -4.5 -1.75) (end -4.5 1.75) (layer B.CrtYd) (width 0.05))
    (fp_line (start 4.5 -1.75) (end -4.5 -1.75) (layer B.CrtYd) (width 0.05))
    (fp_line (start 4.5 1.75) (end 4.5 -1.75) (layer B.CrtYd) (width 0.05))
    (fp_line (start -4.5 1.75) (end 4.5 1.75) (layer B.CrtYd) (width 0.05))
    (fp_line (start 2.3 1.5) (end -2.3 1.5) (layer B.Fab) (width 0.1))
    (fp_line (start 2.3 1.5) (end 2.3 -1.5) (layer B.Fab) (width 0.1))
    (fp_line (start -2.3 -1.5) (end -2.3 1.5) (layer B.Fab) (width 0.1))
    (fp_line (start 2.3 -1.5) (end -2.3 -1.5) (layer B.Fab) (width 0.1))
    (fp_line (start -4.4 1.65) (end -4.4 -1.65) (layer B.SilkS) (width 0.12))
    (fp_text user %R (at 0 2.5) (layer B.Fab)
      (effects (font (size 1 1) (thickness 0.15)) (justify mirror))
    )
    (pad 1 smd rect (at -2.5 0) (size 3.5 1.8) (layers B.Cu B.Paste B.Mask)
      (net 6 +5V))
    (pad 2 smd rect (at 2.5 0) (size 3.5 1.8) (layers B.Cu B.Paste B.Mask)
      (net 1 GND))
    (model ${KISYS3DMOD}/Diode_SMD.3dshapes/D_SMA.wrl
      (at (xyz 0 0 0))
      (scale (xyz 1 1 1))
      (rotate (xyz 0 0 0))
    )
  )

  (module Resistor_SMD:R_1206_3216Metric_Pad1.30x1.75mm_HandSolder (layer B.Cu) (tedit 5F68FEEE) (tstamp 6244F808)
    (at 139.7 121.92 90)
    (descr "Resistor SMD 1206 (3216 Metric), square (rectangular) end terminal, IPC_7351 nominal with elongated pad for handsoldering. (Body size source: IPC-SM-782 page 72, https://www.pcb-3d.com/wordpress/wp-content/uploads/ipc-sm-782a_amendment_1_and_2.pdf), generated with kicad-footprint-generator")
    (tags "resistor handsolder")
    (path /62FC1645)
    (attr smd)
    (fp_text reference JP7 (at 3.81 0 90) (layer B.SilkS)
      (effects (font (size 1 1) (thickness 0.15)) (justify mirror))
    )
    (fp_text value "0 ohm" (at 0 -1.82 90) (layer B.Fab)
      (effects (font (size 1 1) (thickness 0.15)) (justify mirror))
    )
    (fp_line (start 2.45 -1.12) (end -2.45 -1.12) (layer B.CrtYd) (width 0.05))
    (fp_line (start 2.45 1.12) (end 2.45 -1.12) (layer B.CrtYd) (width 0.05))
    (fp_line (start -2.45 1.12) (end 2.45 1.12) (layer B.CrtYd) (width 0.05))
    (fp_line (start -2.45 -1.12) (end -2.45 1.12) (layer B.CrtYd) (width 0.05))
    (fp_line (start -0.727064 -0.91) (end 0.727064 -0.91) (layer B.SilkS) (width 0.12))
    (fp_line (start -0.727064 0.91) (end 0.727064 0.91) (layer B.SilkS) (width 0.12))
    (fp_line (start 1.6 -0.8) (end -1.6 -0.8) (layer B.Fab) (width 0.1))
    (fp_line (start 1.6 0.8) (end 1.6 -0.8) (layer B.Fab) (width 0.1))
    (fp_line (start -1.6 0.8) (end 1.6 0.8) (layer B.Fab) (width 0.1))
    (fp_line (start -1.6 -0.8) (end -1.6 0.8) (layer B.Fab) (width 0.1))
    (fp_text user %R (at 0 0 90) (layer B.Fab)
      (effects (font (size 0.8 0.8) (thickness 0.12)) (justify mirror))
    )
    (pad 2 smd roundrect (at 1.55 0 90) (size 1.3 1.75) (layers B.Cu B.Paste B.Mask) (roundrect_rratio 0.1923076923076923)
      (net 6 +5V))
    (pad 1 smd roundrect (at -1.55 0 90) (size 1.3 1.75) (layers B.Cu B.Paste B.Mask) (roundrect_rratio 0.1923076923076923)
      (net 6 +5V))
    (model ${KISYS3DMOD}/Resistor_SMD.3dshapes/R_1206_3216Metric.wrl
      (at (xyz 0 0 0))
      (scale (xyz 1 1 1))
      (rotate (xyz 0 0 0))
    )
  )

  (module Resistor_SMD:R_1206_3216Metric_Pad1.30x1.75mm_HandSolder (layer B.Cu) (tedit 5F68FEEE) (tstamp 6244CB6E)
    (at 154.94 101.6 270)
    (descr "Resistor SMD 1206 (3216 Metric), square (rectangular) end terminal, IPC_7351 nominal with elongated pad for handsoldering. (Body size source: IPC-SM-782 page 72, https://www.pcb-3d.com/wordpress/wp-content/uploads/ipc-sm-782a_amendment_1_and_2.pdf), generated with kicad-footprint-generator")
    (tags "resistor handsolder")
    (path /62F65A66)
    (attr smd)
    (fp_text reference JP6 (at -3.81 0 90) (layer B.SilkS)
      (effects (font (size 1 1) (thickness 0.15)) (justify mirror))
    )
    (fp_text value "0 ohm" (at 0 -1.82 90) (layer B.Fab)
      (effects (font (size 1 1) (thickness 0.15)) (justify mirror))
    )
    (fp_line (start 2.45 -1.12) (end -2.45 -1.12) (layer B.CrtYd) (width 0.05))
    (fp_line (start 2.45 1.12) (end 2.45 -1.12) (layer B.CrtYd) (width 0.05))
    (fp_line (start -2.45 1.12) (end 2.45 1.12) (layer B.CrtYd) (width 0.05))
    (fp_line (start -2.45 -1.12) (end -2.45 1.12) (layer B.CrtYd) (width 0.05))
    (fp_line (start -0.727064 -0.91) (end 0.727064 -0.91) (layer B.SilkS) (width 0.12))
    (fp_line (start -0.727064 0.91) (end 0.727064 0.91) (layer B.SilkS) (width 0.12))
    (fp_line (start 1.6 -0.8) (end -1.6 -0.8) (layer B.Fab) (width 0.1))
    (fp_line (start 1.6 0.8) (end 1.6 -0.8) (layer B.Fab) (width 0.1))
    (fp_line (start -1.6 0.8) (end 1.6 0.8) (layer B.Fab) (width 0.1))
    (fp_line (start -1.6 -0.8) (end -1.6 0.8) (layer B.Fab) (width 0.1))
    (fp_text user %R (at 0 0 90) (layer B.Fab)
      (effects (font (size 0.8 0.8) (thickness 0.12)) (justify mirror))
    )
    (pad 2 smd roundrect (at 1.55 0 270) (size 1.3 1.75) (layers B.Cu B.Paste B.Mask) (roundrect_rratio 0.1923076923076923)
      (net 66 "Net-(J2-Pad3)"))
    (pad 1 smd roundrect (at -1.55 0 270) (size 1.3 1.75) (layers B.Cu B.Paste B.Mask) (roundrect_rratio 0.1923076923076923)
      (net 1 GND))
    (model ${KISYS3DMOD}/Resistor_SMD.3dshapes/R_1206_3216Metric.wrl
      (at (xyz 0 0 0))
      (scale (xyz 1 1 1))
      (rotate (xyz 0 0 0))
    )
  )

  (module Resistor_SMD:R_1206_3216Metric_Pad1.30x1.75mm_HandSolder (layer B.Cu) (tedit 5F68FEEE) (tstamp 6244367A)
    (at 156.845 132.08 180)
    (descr "Resistor SMD 1206 (3216 Metric), square (rectangular) end terminal, IPC_7351 nominal with elongated pad for handsoldering. (Body size source: IPC-SM-782 page 72, https://www.pcb-3d.com/wordpress/wp-content/uploads/ipc-sm-782a_amendment_1_and_2.pdf), generated with kicad-footprint-generator")
    (tags "resistor handsolder")
    (path /62E16E79)
    (attr smd)
    (fp_text reference JP5 (at 3.81 0) (layer B.SilkS)
      (effects (font (size 1 1) (thickness 0.15)) (justify mirror))
    )
    (fp_text value "0 ohm" (at 0 -1.82) (layer B.Fab)
      (effects (font (size 1 1) (thickness 0.15)) (justify mirror))
    )
    (fp_line (start -1.6 -0.8) (end -1.6 0.8) (layer B.Fab) (width 0.1))
    (fp_line (start -1.6 0.8) (end 1.6 0.8) (layer B.Fab) (width 0.1))
    (fp_line (start 1.6 0.8) (end 1.6 -0.8) (layer B.Fab) (width 0.1))
    (fp_line (start 1.6 -0.8) (end -1.6 -0.8) (layer B.Fab) (width 0.1))
    (fp_line (start -0.727064 0.91) (end 0.727064 0.91) (layer B.SilkS) (width 0.12))
    (fp_line (start -0.727064 -0.91) (end 0.727064 -0.91) (layer B.SilkS) (width 0.12))
    (fp_line (start -2.45 -1.12) (end -2.45 1.12) (layer B.CrtYd) (width 0.05))
    (fp_line (start -2.45 1.12) (end 2.45 1.12) (layer B.CrtYd) (width 0.05))
    (fp_line (start 2.45 1.12) (end 2.45 -1.12) (layer B.CrtYd) (width 0.05))
    (fp_line (start 2.45 -1.12) (end -2.45 -1.12) (layer B.CrtYd) (width 0.05))
    (fp_text user %R (at 0 0) (layer B.Fab)
      (effects (font (size 0.8 0.8) (thickness 0.12)) (justify mirror))
    )
    (pad 1 smd roundrect (at -1.55 0 180) (size 1.3 1.75) (layers B.Cu B.Paste B.Mask) (roundrect_rratio 0.1923076923076923)
      (net 65 "Net-(J4-Pad4)"))
    (pad 2 smd roundrect (at 1.55 0 180) (size 1.3 1.75) (layers B.Cu B.Paste B.Mask) (roundrect_rratio 0.1923076923076923)
      (net 29 /MOSI))
    (model ${KISYS3DMOD}/Resistor_SMD.3dshapes/R_1206_3216Metric.wrl
      (at (xyz 0 0 0))
      (scale (xyz 1 1 1))
      (rotate (xyz 0 0 0))
    )
  )

  (module Resistor_SMD:R_1206_3216Metric_Pad1.30x1.75mm_HandSolder (layer B.Cu) (tedit 5F68FEEE) (tstamp 624342A1)
    (at 171.45 138.43 270)
    (descr "Resistor SMD 1206 (3216 Metric), square (rectangular) end terminal, IPC_7351 nominal with elongated pad for handsoldering. (Body size source: IPC-SM-782 page 72, https://www.pcb-3d.com/wordpress/wp-content/uploads/ipc-sm-782a_amendment_1_and_2.pdf), generated with kicad-footprint-generator")
    (tags "resistor handsolder")
    (path /62CE236B)
    (attr smd)
    (fp_text reference R26 (at 0 -2.54 90) (layer B.SilkS)
      (effects (font (size 1 1) (thickness 0.15)) (justify mirror))
    )
    (fp_text value 10k (at 0 -1.82 90) (layer B.Fab)
      (effects (font (size 1 1) (thickness 0.15)) (justify mirror))
    )
    (fp_line (start 2.45 -1.12) (end -2.45 -1.12) (layer B.CrtYd) (width 0.05))
    (fp_line (start 2.45 1.12) (end 2.45 -1.12) (layer B.CrtYd) (width 0.05))
    (fp_line (start -2.45 1.12) (end 2.45 1.12) (layer B.CrtYd) (width 0.05))
    (fp_line (start -2.45 -1.12) (end -2.45 1.12) (layer B.CrtYd) (width 0.05))
    (fp_line (start -0.727064 -0.91) (end 0.727064 -0.91) (layer B.SilkS) (width 0.12))
    (fp_line (start -0.727064 0.91) (end 0.727064 0.91) (layer B.SilkS) (width 0.12))
    (fp_line (start 1.6 -0.8) (end -1.6 -0.8) (layer B.Fab) (width 0.1))
    (fp_line (start 1.6 0.8) (end 1.6 -0.8) (layer B.Fab) (width 0.1))
    (fp_line (start -1.6 0.8) (end 1.6 0.8) (layer B.Fab) (width 0.1))
    (fp_line (start -1.6 -0.8) (end -1.6 0.8) (layer B.Fab) (width 0.1))
    (fp_text user %R (at 0 0 90) (layer B.Fab)
      (effects (font (size 0.8 0.8) (thickness 0.12)) (justify mirror))
    )
    (pad 2 smd roundrect (at 1.55 0 270) (size 1.3 1.75) (layers B.Cu B.Paste B.Mask) (roundrect_rratio 0.1923076923076923)
      (net 64 "Net-(R26-Pad2)"))
    (pad 1 smd roundrect (at -1.55 0 270) (size 1.3 1.75) (layers B.Cu B.Paste B.Mask) (roundrect_rratio 0.1923076923076923)
      (net 47 /enc_sw))
    (model ${KISYS3DMOD}/Resistor_SMD.3dshapes/R_1206_3216Metric.wrl
      (at (xyz 0 0 0))
      (scale (xyz 1 1 1))
      (rotate (xyz 0 0 0))
    )
  )

  (module ondra:Rotary_Encode_Switch_Molex_KK-254_AE-6410-05A_1x05_P2.54mm_Vertical (layer F.Cu) (tedit 623F6643) (tstamp 62443EA8)
    (at 179.07 142.24 180)
    (descr "Molex KK-254 Interconnect System, old/engineering part number: AE-6410-05A example for new part number: 22-27-2051, 5 Pins (http://www.molex.com/pdm_docs/sd/022272021_sd.pdf), generated with kicad-footprint-generator")
    (tags "connector Molex KK-254 vertical")
    (path /5FFAB9CB)
    (fp_text reference SW3 (at 5.08 -4.12) (layer F.SilkS)
      (effects (font (size 1 1) (thickness 0.15)))
    )
    (fp_text value Rotary_Encoder_Switch (at 5.08 4.08) (layer F.Fab)
      (effects (font (size 1 1) (thickness 0.15)))
    )
    (fp_line (start -1.27 -2.92) (end -1.27 2.88) (layer F.Fab) (width 0.1))
    (fp_line (start -1.27 2.88) (end 11.43 2.88) (layer F.Fab) (width 0.1))
    (fp_line (start 11.43 2.88) (end 11.43 -2.92) (layer F.Fab) (width 0.1))
    (fp_line (start 11.43 -2.92) (end -1.27 -2.92) (layer F.Fab) (width 0.1))
    (fp_line (start -1.38 -3.03) (end -1.38 2.99) (layer F.SilkS) (width 0.12))
    (fp_line (start -1.38 2.99) (end 11.54 2.99) (layer F.SilkS) (width 0.12))
    (fp_line (start 11.54 2.99) (end 11.54 -3.03) (layer F.SilkS) (width 0.12))
    (fp_line (start 11.54 -3.03) (end -1.38 -3.03) (layer F.SilkS) (width 0.12))
    (fp_line (start -1.67 -2) (end -1.67 2) (layer F.SilkS) (width 0.12))
    (fp_line (start -1.27 -0.5) (end -0.562893 0) (layer F.Fab) (width 0.1))
    (fp_line (start -0.562893 0) (end -1.27 0.5) (layer F.Fab) (width 0.1))
    (fp_line (start 0 2.99) (end 0 1.99) (layer F.SilkS) (width 0.12))
    (fp_line (start 0 1.99) (end 10.16 1.99) (layer F.SilkS) (width 0.12))
    (fp_line (start 10.16 1.99) (end 10.16 2.99) (layer F.SilkS) (width 0.12))
    (fp_line (start 0 1.99) (end 0.25 1.46) (layer F.SilkS) (width 0.12))
    (fp_line (start 0.25 1.46) (end 9.91 1.46) (layer F.SilkS) (width 0.12))
    (fp_line (start 9.91 1.46) (end 10.16 1.99) (layer F.SilkS) (width 0.12))
    (fp_line (start 0.25 2.99) (end 0.25 1.99) (layer F.SilkS) (width 0.12))
    (fp_line (start 9.91 2.99) (end 9.91 1.99) (layer F.SilkS) (width 0.12))
    (fp_line (start -0.8 -3.03) (end -0.8 -2.43) (layer F.SilkS) (width 0.12))
    (fp_line (start -0.8 -2.43) (end 0.8 -2.43) (layer F.SilkS) (width 0.12))
    (fp_line (start 0.8 -2.43) (end 0.8 -3.03) (layer F.SilkS) (width 0.12))
    (fp_line (start 1.74 -3.03) (end 1.74 -2.43) (layer F.SilkS) (width 0.12))
    (fp_line (start 1.74 -2.43) (end 3.34 -2.43) (layer F.SilkS) (width 0.12))
    (fp_line (start 3.34 -2.43) (end 3.34 -3.03) (layer F.SilkS) (width 0.12))
    (fp_line (start 4.28 -3.03) (end 4.28 -2.43) (layer F.SilkS) (width 0.12))
    (fp_line (start 4.28 -2.43) (end 5.88 -2.43) (layer F.SilkS) (width 0.12))
    (fp_line (start 5.88 -2.43) (end 5.88 -3.03) (layer F.SilkS) (width 0.12))
    (fp_line (start 6.82 -3.03) (end 6.82 -2.43) (layer F.SilkS) (width 0.12))
    (fp_line (start 6.82 -2.43) (end 8.42 -2.43) (layer F.SilkS) (width 0.12))
    (fp_line (start 8.42 -2.43) (end 8.42 -3.03) (layer F.SilkS) (width 0.12))
    (fp_line (start 9.36 -3.03) (end 9.36 -2.43) (layer F.SilkS) (width 0.12))
    (fp_line (start 9.36 -2.43) (end 10.96 -2.43) (layer F.SilkS) (width 0.12))
    (fp_line (start 10.96 -2.43) (end 10.96 -3.03) (layer F.SilkS) (width 0.12))
    (fp_line (start -1.77 -3.42) (end -1.77 3.38) (layer F.CrtYd) (width 0.05))
    (fp_line (start -1.77 3.38) (end 11.93 3.38) (layer F.CrtYd) (width 0.05))
    (fp_line (start 11.93 3.38) (end 11.93 -3.42) (layer F.CrtYd) (width 0.05))
    (fp_line (start 11.93 -3.42) (end -1.77 -3.42) (layer F.CrtYd) (width 0.05))
    (fp_text user %R (at 5.08 -2.22) (layer F.Fab)
      (effects (font (size 1 1) (thickness 0.15)))
    )
    (pad S2 thru_hole oval (at 10.16 0 180) (size 1.74 2.19) (drill 1.19) (layers *.Cu *.Mask)
      (net 1 GND))
    (pad S1 thru_hole oval (at 7.62 0 180) (size 1.74 2.19) (drill 1.19) (layers *.Cu *.Mask)
      (net 64 "Net-(R26-Pad2)"))
    (pad B thru_hole oval (at 5.08 0 180) (size 1.74 2.19) (drill 1.19) (layers *.Cu *.Mask)
      (net 62 "Net-(R25-Pad1)"))
    (pad C thru_hole oval (at 2.54 0 180) (size 1.74 2.19) (drill 1.19) (layers *.Cu *.Mask)
      (net 1 GND))
    (pad A thru_hole roundrect (at 0 0 180) (size 1.74 2.19) (drill 1.19) (layers *.Cu *.Mask) (roundrect_rratio 0.1439994252873563)
      (net 63 "Net-(R24-Pad1)"))
    (model ${KISYS3DMOD}/Connector_Molex.3dshapes/Molex_KK-254_AE-6410-05A_1x05_P2.54mm_Vertical.wrl
      (at (xyz 0 0 0))
      (scale (xyz 1 1 1))
      (rotate (xyz 0 0 0))
    )
  )

  (module Resistor_SMD:R_1206_3216Metric_Pad1.30x1.75mm_HandSolder (layer B.Cu) (tedit 5F68FEEE) (tstamp 624318EC)
    (at 162.56 143.51 180)
    (descr "Resistor SMD 1206 (3216 Metric), square (rectangular) end terminal, IPC_7351 nominal with elongated pad for handsoldering. (Body size source: IPC-SM-782 page 72, https://www.pcb-3d.com/wordpress/wp-content/uploads/ipc-sm-782a_amendment_1_and_2.pdf), generated with kicad-footprint-generator")
    (tags "resistor handsolder")
    (path /6296C575)
    (attr smd)
    (fp_text reference R25 (at 0 -1.905) (layer B.SilkS)
      (effects (font (size 1 1) (thickness 0.15)) (justify mirror))
    )
    (fp_text value 10k (at 0 -1.82) (layer B.Fab)
      (effects (font (size 1 1) (thickness 0.15)) (justify mirror))
    )
    (fp_line (start 2.45 -1.12) (end -2.45 -1.12) (layer B.CrtYd) (width 0.05))
    (fp_line (start 2.45 1.12) (end 2.45 -1.12) (layer B.CrtYd) (width 0.05))
    (fp_line (start -2.45 1.12) (end 2.45 1.12) (layer B.CrtYd) (width 0.05))
    (fp_line (start -2.45 -1.12) (end -2.45 1.12) (layer B.CrtYd) (width 0.05))
    (fp_line (start -0.727064 -0.91) (end 0.727064 -0.91) (layer B.SilkS) (width 0.12))
    (fp_line (start -0.727064 0.91) (end 0.727064 0.91) (layer B.SilkS) (width 0.12))
    (fp_line (start 1.6 -0.8) (end -1.6 -0.8) (layer B.Fab) (width 0.1))
    (fp_line (start 1.6 0.8) (end 1.6 -0.8) (layer B.Fab) (width 0.1))
    (fp_line (start -1.6 0.8) (end 1.6 0.8) (layer B.Fab) (width 0.1))
    (fp_line (start -1.6 -0.8) (end -1.6 0.8) (layer B.Fab) (width 0.1))
    (fp_text user %R (at 0 0) (layer B.Fab)
      (effects (font (size 0.8 0.8) (thickness 0.12)) (justify mirror))
    )
    (pad 2 smd roundrect (at 1.55 0 180) (size 1.3 1.75) (layers B.Cu B.Paste B.Mask) (roundrect_rratio 0.1923076923076923)
      (net 45 /enc_clk))
    (pad 1 smd roundrect (at -1.55 0 180) (size 1.3 1.75) (layers B.Cu B.Paste B.Mask) (roundrect_rratio 0.1923076923076923)
      (net 62 "Net-(R25-Pad1)"))
    (model ${KISYS3DMOD}/Resistor_SMD.3dshapes/R_1206_3216Metric.wrl
      (at (xyz 0 0 0))
      (scale (xyz 1 1 1))
      (rotate (xyz 0 0 0))
    )
  )

  (module Resistor_SMD:R_1206_3216Metric_Pad1.30x1.75mm_HandSolder (layer B.Cu) (tedit 5F68FEEE) (tstamp 624318DB)
    (at 179.07 146.05 270)
    (descr "Resistor SMD 1206 (3216 Metric), square (rectangular) end terminal, IPC_7351 nominal with elongated pad for handsoldering. (Body size source: IPC-SM-782 page 72, https://www.pcb-3d.com/wordpress/wp-content/uploads/ipc-sm-782a_amendment_1_and_2.pdf), generated with kicad-footprint-generator")
    (tags "resistor handsolder")
    (path /6296BD62)
    (attr smd)
    (fp_text reference R24 (at 3.81 0 90) (layer B.SilkS)
      (effects (font (size 1 1) (thickness 0.15)) (justify mirror))
    )
    (fp_text value 10k (at 0 -1.82 90) (layer B.Fab)
      (effects (font (size 1 1) (thickness 0.15)) (justify mirror))
    )
    (fp_line (start 2.45 -1.12) (end -2.45 -1.12) (layer B.CrtYd) (width 0.05))
    (fp_line (start 2.45 1.12) (end 2.45 -1.12) (layer B.CrtYd) (width 0.05))
    (fp_line (start -2.45 1.12) (end 2.45 1.12) (layer B.CrtYd) (width 0.05))
    (fp_line (start -2.45 -1.12) (end -2.45 1.12) (layer B.CrtYd) (width 0.05))
    (fp_line (start -0.727064 -0.91) (end 0.727064 -0.91) (layer B.SilkS) (width 0.12))
    (fp_line (start -0.727064 0.91) (end 0.727064 0.91) (layer B.SilkS) (width 0.12))
    (fp_line (start 1.6 -0.8) (end -1.6 -0.8) (layer B.Fab) (width 0.1))
    (fp_line (start 1.6 0.8) (end 1.6 -0.8) (layer B.Fab) (width 0.1))
    (fp_line (start -1.6 0.8) (end 1.6 0.8) (layer B.Fab) (width 0.1))
    (fp_line (start -1.6 -0.8) (end -1.6 0.8) (layer B.Fab) (width 0.1))
    (fp_text user %R (at 0 0 90) (layer B.Fab)
      (effects (font (size 0.8 0.8) (thickness 0.12)) (justify mirror))
    )
    (pad 2 smd roundrect (at 1.55 0 270) (size 1.3 1.75) (layers B.Cu B.Paste B.Mask) (roundrect_rratio 0.1923076923076923)
      (net 46 /enc_dt))
    (pad 1 smd roundrect (at -1.55 0 270) (size 1.3 1.75) (layers B.Cu B.Paste B.Mask) (roundrect_rratio 0.1923076923076923)
      (net 63 "Net-(R24-Pad1)"))
    (model ${KISYS3DMOD}/Resistor_SMD.3dshapes/R_1206_3216Metric.wrl
      (at (xyz 0 0 0))
      (scale (xyz 1 1 1))
      (rotate (xyz 0 0 0))
    )
  )

  (module Capacitor_SMD:C_1206_3216Metric_Pad1.33x1.80mm_HandSolder (layer B.Cu) (tedit 5F68FEEF) (tstamp 62430F56)
    (at 162.56 140.97)
    (descr "Capacitor SMD 1206 (3216 Metric), square (rectangular) end terminal, IPC_7351 nominal with elongated pad for handsoldering. (Body size source: IPC-SM-782 page 76, https://www.pcb-3d.com/wordpress/wp-content/uploads/ipc-sm-782a_amendment_1_and_2.pdf), generated with kicad-footprint-generator")
    (tags "capacitor handsolder")
    (path /62828F8A)
    (attr smd)
    (fp_text reference C2 (at -3.81 0) (layer B.SilkS)
      (effects (font (size 1 1) (thickness 0.15)) (justify mirror))
    )
    (fp_text value 10n (at 0 -1.85) (layer B.Fab)
      (effects (font (size 1 1) (thickness 0.15)) (justify mirror))
    )
    (fp_line (start 2.48 -1.15) (end -2.48 -1.15) (layer B.CrtYd) (width 0.05))
    (fp_line (start 2.48 1.15) (end 2.48 -1.15) (layer B.CrtYd) (width 0.05))
    (fp_line (start -2.48 1.15) (end 2.48 1.15) (layer B.CrtYd) (width 0.05))
    (fp_line (start -2.48 -1.15) (end -2.48 1.15) (layer B.CrtYd) (width 0.05))
    (fp_line (start -0.711252 -0.91) (end 0.711252 -0.91) (layer B.SilkS) (width 0.12))
    (fp_line (start -0.711252 0.91) (end 0.711252 0.91) (layer B.SilkS) (width 0.12))
    (fp_line (start 1.6 -0.8) (end -1.6 -0.8) (layer B.Fab) (width 0.1))
    (fp_line (start 1.6 0.8) (end 1.6 -0.8) (layer B.Fab) (width 0.1))
    (fp_line (start -1.6 0.8) (end 1.6 0.8) (layer B.Fab) (width 0.1))
    (fp_line (start -1.6 -0.8) (end -1.6 0.8) (layer B.Fab) (width 0.1))
    (fp_text user %R (at 0 0) (layer B.Fab)
      (effects (font (size 0.8 0.8) (thickness 0.12)) (justify mirror))
    )
    (pad 2 smd roundrect (at 1.5625 0) (size 1.325 1.8) (layers B.Cu B.Paste B.Mask) (roundrect_rratio 0.1886784905660377)
      (net 1 GND))
    (pad 1 smd roundrect (at -1.5625 0) (size 1.325 1.8) (layers B.Cu B.Paste B.Mask) (roundrect_rratio 0.1886784905660377)
      (net 45 /enc_clk))
    (model ${KISYS3DMOD}/Capacitor_SMD.3dshapes/C_1206_3216Metric.wrl
      (at (xyz 0 0 0))
      (scale (xyz 1 1 1))
      (rotate (xyz 0 0 0))
    )
  )

  (module Capacitor_SMD:C_1206_3216Metric_Pad1.33x1.80mm_HandSolder (layer B.Cu) (tedit 5F68FEEF) (tstamp 62430F45)
    (at 162.56 138.43)
    (descr "Capacitor SMD 1206 (3216 Metric), square (rectangular) end terminal, IPC_7351 nominal with elongated pad for handsoldering. (Body size source: IPC-SM-782 page 76, https://www.pcb-3d.com/wordpress/wp-content/uploads/ipc-sm-782a_amendment_1_and_2.pdf), generated with kicad-footprint-generator")
    (tags "capacitor handsolder")
    (path /62828903)
    (attr smd)
    (fp_text reference C1 (at -3.81 0) (layer B.SilkS)
      (effects (font (size 1 1) (thickness 0.15)) (justify mirror))
    )
    (fp_text value 10n (at 0 -1.85) (layer B.Fab)
      (effects (font (size 1 1) (thickness 0.15)) (justify mirror))
    )
    (fp_line (start 2.48 -1.15) (end -2.48 -1.15) (layer B.CrtYd) (width 0.05))
    (fp_line (start 2.48 1.15) (end 2.48 -1.15) (layer B.CrtYd) (width 0.05))
    (fp_line (start -2.48 1.15) (end 2.48 1.15) (layer B.CrtYd) (width 0.05))
    (fp_line (start -2.48 -1.15) (end -2.48 1.15) (layer B.CrtYd) (width 0.05))
    (fp_line (start -0.711252 -0.91) (end 0.711252 -0.91) (layer B.SilkS) (width 0.12))
    (fp_line (start -0.711252 0.91) (end 0.711252 0.91) (layer B.SilkS) (width 0.12))
    (fp_line (start 1.6 -0.8) (end -1.6 -0.8) (layer B.Fab) (width 0.1))
    (fp_line (start 1.6 0.8) (end 1.6 -0.8) (layer B.Fab) (width 0.1))
    (fp_line (start -1.6 0.8) (end 1.6 0.8) (layer B.Fab) (width 0.1))
    (fp_line (start -1.6 -0.8) (end -1.6 0.8) (layer B.Fab) (width 0.1))
    (fp_text user %R (at 0 0) (layer B.Fab)
      (effects (font (size 0.8 0.8) (thickness 0.12)) (justify mirror))
    )
    (pad 2 smd roundrect (at 1.5625 0) (size 1.325 1.8) (layers B.Cu B.Paste B.Mask) (roundrect_rratio 0.1886784905660377)
      (net 1 GND))
    (pad 1 smd roundrect (at -1.5625 0) (size 1.325 1.8) (layers B.Cu B.Paste B.Mask) (roundrect_rratio 0.1886784905660377)
      (net 46 /enc_dt))
    (model ${KISYS3DMOD}/Capacitor_SMD.3dshapes/C_1206_3216Metric.wrl
      (at (xyz 0 0 0))
      (scale (xyz 1 1 1))
      (rotate (xyz 0 0 0))
    )
  )

  (module Resistor_SMD:R_1206_3216Metric_Pad1.30x1.75mm_HandSolder (layer B.Cu) (tedit 5F68FEEE) (tstamp 6242E1F8)
    (at 161.29 105.41 270)
    (descr "Resistor SMD 1206 (3216 Metric), square (rectangular) end terminal, IPC_7351 nominal with elongated pad for handsoldering. (Body size source: IPC-SM-782 page 72, https://www.pcb-3d.com/wordpress/wp-content/uploads/ipc-sm-782a_amendment_1_and_2.pdf), generated with kicad-footprint-generator")
    (tags "resistor handsolder")
    (path /6280CA9C)
    (attr smd)
    (fp_text reference JP4 (at 3.81 0 90) (layer B.SilkS)
      (effects (font (size 1 1) (thickness 0.15)) (justify mirror))
    )
    (fp_text value "0 ohm" (at 0 -1.82 90) (layer B.Fab)
      (effects (font (size 1 1) (thickness 0.15)) (justify mirror))
    )
    (fp_line (start 2.45 -1.12) (end -2.45 -1.12) (layer B.CrtYd) (width 0.05))
    (fp_line (start 2.45 1.12) (end 2.45 -1.12) (layer B.CrtYd) (width 0.05))
    (fp_line (start -2.45 1.12) (end 2.45 1.12) (layer B.CrtYd) (width 0.05))
    (fp_line (start -2.45 -1.12) (end -2.45 1.12) (layer B.CrtYd) (width 0.05))
    (fp_line (start -0.727064 -0.91) (end 0.727064 -0.91) (layer B.SilkS) (width 0.12))
    (fp_line (start -0.727064 0.91) (end 0.727064 0.91) (layer B.SilkS) (width 0.12))
    (fp_line (start 1.6 -0.8) (end -1.6 -0.8) (layer B.Fab) (width 0.1))
    (fp_line (start 1.6 0.8) (end 1.6 -0.8) (layer B.Fab) (width 0.1))
    (fp_line (start -1.6 0.8) (end 1.6 0.8) (layer B.Fab) (width 0.1))
    (fp_line (start -1.6 -0.8) (end -1.6 0.8) (layer B.Fab) (width 0.1))
    (fp_text user %R (at 0 0 90) (layer B.Fab)
      (effects (font (size 0.8 0.8) (thickness 0.12)) (justify mirror))
    )
    (pad 2 smd roundrect (at 1.55 0 270) (size 1.3 1.75) (layers B.Cu B.Paste B.Mask) (roundrect_rratio 0.1923076923076923)
      (net 61 "Net-(JP4-Pad2)"))
    (pad 1 smd roundrect (at -1.55 0 270) (size 1.3 1.75) (layers B.Cu B.Paste B.Mask) (roundrect_rratio 0.1923076923076923)
      (net 25 /SCL))
    (model ${KISYS3DMOD}/Resistor_SMD.3dshapes/R_1206_3216Metric.wrl
      (at (xyz 0 0 0))
      (scale (xyz 1 1 1))
      (rotate (xyz 0 0 0))
    )
  )

  (module Resistor_SMD:R_1206_3216Metric_Pad1.30x1.75mm_HandSolder (layer B.Cu) (tedit 5F68FEEE) (tstamp 624216BF)
    (at 144.78 87.63 90)
    (descr "Resistor SMD 1206 (3216 Metric), square (rectangular) end terminal, IPC_7351 nominal with elongated pad for handsoldering. (Body size source: IPC-SM-782 page 72, https://www.pcb-3d.com/wordpress/wp-content/uploads/ipc-sm-782a_amendment_1_and_2.pdf), generated with kicad-footprint-generator")
    (tags "resistor handsolder")
    (path /6230B70C/62795C64)
    (attr smd)
    (fp_text reference JP3 (at 3.81 0 90) (layer B.SilkS)
      (effects (font (size 1 1) (thickness 0.15)) (justify mirror))
    )
    (fp_text value "0 ohm" (at 0 -1.82 90) (layer B.Fab)
      (effects (font (size 1 1) (thickness 0.15)) (justify mirror))
    )
    (fp_line (start 2.45 -1.12) (end -2.45 -1.12) (layer B.CrtYd) (width 0.05))
    (fp_line (start 2.45 1.12) (end 2.45 -1.12) (layer B.CrtYd) (width 0.05))
    (fp_line (start -2.45 1.12) (end 2.45 1.12) (layer B.CrtYd) (width 0.05))
    (fp_line (start -2.45 -1.12) (end -2.45 1.12) (layer B.CrtYd) (width 0.05))
    (fp_line (start -0.727064 -0.91) (end 0.727064 -0.91) (layer B.SilkS) (width 0.12))
    (fp_line (start -0.727064 0.91) (end 0.727064 0.91) (layer B.SilkS) (width 0.12))
    (fp_line (start 1.6 -0.8) (end -1.6 -0.8) (layer B.Fab) (width 0.1))
    (fp_line (start 1.6 0.8) (end 1.6 -0.8) (layer B.Fab) (width 0.1))
    (fp_line (start -1.6 0.8) (end 1.6 0.8) (layer B.Fab) (width 0.1))
    (fp_line (start -1.6 -0.8) (end -1.6 0.8) (layer B.Fab) (width 0.1))
    (fp_text user %R (at 0 0 90) (layer B.Fab)
      (effects (font (size 0.8 0.8) (thickness 0.12)) (justify mirror))
    )
    (pad 2 smd roundrect (at 1.55 0 90) (size 1.3 1.75) (layers B.Cu B.Paste B.Mask) (roundrect_rratio 0.1923076923076923)
      (net 59 "Net-(JP3-Pad2)"))
    (pad 1 smd roundrect (at -1.55 0 90) (size 1.3 1.75) (layers B.Cu B.Paste B.Mask) (roundrect_rratio 0.1923076923076923)
      (net 60 "Net-(JP3-Pad1)"))
    (model ${KISYS3DMOD}/Resistor_SMD.3dshapes/R_1206_3216Metric.wrl
      (at (xyz 0 0 0))
      (scale (xyz 1 1 1))
      (rotate (xyz 0 0 0))
    )
  )

  (module Resistor_SMD:R_1206_3216Metric_Pad1.30x1.75mm_HandSolder (layer B.Cu) (tedit 5F68FEEE) (tstamp 623EBD45)
    (at 185.42 122.555 270)
    (descr "Resistor SMD 1206 (3216 Metric), square (rectangular) end terminal, IPC_7351 nominal with elongated pad for handsoldering. (Body size source: IPC-SM-782 page 72, https://www.pcb-3d.com/wordpress/wp-content/uploads/ipc-sm-782a_amendment_1_and_2.pdf), generated with kicad-footprint-generator")
    (tags "resistor handsolder")
    (path /625B71CC)
    (attr smd)
    (fp_text reference R10 (at -3.81 0 90) (layer B.SilkS)
      (effects (font (size 1 1) (thickness 0.15)) (justify mirror))
    )
    (fp_text value 10k (at 0 -1.82 90) (layer B.Fab)
      (effects (font (size 1 1) (thickness 0.15)) (justify mirror))
    )
    (fp_line (start -1.6 -0.8) (end -1.6 0.8) (layer B.Fab) (width 0.1))
    (fp_line (start -1.6 0.8) (end 1.6 0.8) (layer B.Fab) (width 0.1))
    (fp_line (start 1.6 0.8) (end 1.6 -0.8) (layer B.Fab) (width 0.1))
    (fp_line (start 1.6 -0.8) (end -1.6 -0.8) (layer B.Fab) (width 0.1))
    (fp_line (start -0.727064 0.91) (end 0.727064 0.91) (layer B.SilkS) (width 0.12))
    (fp_line (start -0.727064 -0.91) (end 0.727064 -0.91) (layer B.SilkS) (width 0.12))
    (fp_line (start -2.45 -1.12) (end -2.45 1.12) (layer B.CrtYd) (width 0.05))
    (fp_line (start -2.45 1.12) (end 2.45 1.12) (layer B.CrtYd) (width 0.05))
    (fp_line (start 2.45 1.12) (end 2.45 -1.12) (layer B.CrtYd) (width 0.05))
    (fp_line (start 2.45 -1.12) (end -2.45 -1.12) (layer B.CrtYd) (width 0.05))
    (fp_text user %R (at 0 0 90) (layer B.Fab)
      (effects (font (size 0.8 0.8) (thickness 0.12)) (justify mirror))
    )
    (pad 2 smd roundrect (at 1.55 0 270) (size 1.3 1.75) (layers B.Cu B.Paste B.Mask) (roundrect_rratio 0.1923076923076923)
      (net 17 "Net-(D1-Pad1)"))
    (pad 1 smd roundrect (at -1.55 0 270) (size 1.3 1.75) (layers B.Cu B.Paste B.Mask) (roundrect_rratio 0.1923076923076923)
      (net 37 "Net-(Q3-Pad3)"))
    (model ${KISYS3DMOD}/Resistor_SMD.3dshapes/R_1206_3216Metric.wrl
      (at (xyz 0 0 0))
      (scale (xyz 1 1 1))
      (rotate (xyz 0 0 0))
    )
  )

  (module Diode_SMD:D_SOD-123 (layer B.Cu) (tedit 58645DC7) (tstamp 623EB95C)
    (at 181.23 134.62 180)
    (descr SOD-123)
    (tags SOD-123)
    (path /625FC70A)
    (attr smd)
    (fp_text reference D1 (at 0 2) (layer B.SilkS)
      (effects (font (size 1 1) (thickness 0.15)) (justify mirror))
    )
    (fp_text value 1N4148W (at 0 -2.1) (layer B.Fab)
      (effects (font (size 1 1) (thickness 0.15)) (justify mirror))
    )
    (fp_line (start -2.25 1) (end -2.25 -1) (layer B.SilkS) (width 0.12))
    (fp_line (start 0.25 0) (end 0.75 0) (layer B.Fab) (width 0.1))
    (fp_line (start 0.25 -0.4) (end -0.35 0) (layer B.Fab) (width 0.1))
    (fp_line (start 0.25 0.4) (end 0.25 -0.4) (layer B.Fab) (width 0.1))
    (fp_line (start -0.35 0) (end 0.25 0.4) (layer B.Fab) (width 0.1))
    (fp_line (start -0.35 0) (end -0.35 -0.55) (layer B.Fab) (width 0.1))
    (fp_line (start -0.35 0) (end -0.35 0.55) (layer B.Fab) (width 0.1))
    (fp_line (start -0.75 0) (end -0.35 0) (layer B.Fab) (width 0.1))
    (fp_line (start -1.4 -0.9) (end -1.4 0.9) (layer B.Fab) (width 0.1))
    (fp_line (start 1.4 -0.9) (end -1.4 -0.9) (layer B.Fab) (width 0.1))
    (fp_line (start 1.4 0.9) (end 1.4 -0.9) (layer B.Fab) (width 0.1))
    (fp_line (start -1.4 0.9) (end 1.4 0.9) (layer B.Fab) (width 0.1))
    (fp_line (start -2.35 1.15) (end 2.35 1.15) (layer B.CrtYd) (width 0.05))
    (fp_line (start 2.35 1.15) (end 2.35 -1.15) (layer B.CrtYd) (width 0.05))
